400            30          25         21 
420            31          26         22
440            32          28         23
470            34          29         25
490            36          30         26
520            38          32         27
550            40          34         29
580            42          35         30
610            44          37         32
640            46          39         33
680            48          41         35
710            50          43         36
750            53          45         38
790            56          47         40
840            59          50         4
880            61          52         44
930            65          55         46
980            68          57         49
1040           72          61         51 
1090           75          63         53
1150           79          66         56
1210           82          69         59
1280           87          73         62
1350           91          77         65
1420           95          80         68
1500           100         85         71
1580           105         89         75
1670           111         93         79
1760           116         98         83
1850           122         102        86
1960           128         108        91
2060           134         113        95
2170           141         119        100
2290           148         125        105
2420           156         131        110
2550           163         137        116
2690           172         144        122
2800           178         150        126
2990           189         159        134
3150           198         167        140
3320           208         175        147  
3500           219         184        154 
3700           230         193        162
3900           242         203        170
4110           253         213        179
4330           266         223        187
4570           279         234        197
4820           293         246        207
5080           308         258        217
5360           324         271        228
5650           340         285        239
5960           357         299        251
6280           374         314        263
6620           393         329        276
6980           413         345        290
7360           433         363        304
7770           455         381        319
8190           478         400        335
8630           502         419        351
9100           527         440        369
9600           553         462        387
10120          581         485        406
10680          610         510        426
11260          641         535        447
11870          672         561        469
12520          706         590        493
13200          741         619        517
13920          779         650        543
14680          818         682        570
15470          858         715        597
16320          901         751        627
17210          946         789        658
18140          993         828        690
19130          1043        869        725
20170          1095        912        760
21270          1150        957        798
22430          1208        1005       838 
23650          1268        1055       879
24940          1331        1108       922
26300          1398        1163       968
27730          1468        1220       1016
29240          1541        1281       1066
30830          1618        1345       1119
32510          1699        1412       1174
34290          1785        1482       1233
36150          1873        1555       1293
38120          1967        1633       1357
40200          2066        1714       1424
42390          2169        1799       1495
44700          2278        1889       1569
47130          2391        1983       1646 
49700          2511        2081       1728 
50000          2525        2093       1737  